1727474810688 0.7527499794960022 0
1727474810864 0.8182500004768372 1
1727474811040 0.8324999809265137 2
1727474811211 0.8413749933242798 3
1727474811381 0.8498749732971191 4
1727474811534 0.8522499799728394 5
1727474811692 0.8541250228881836 6
1727474811848 0.8573750257492065 7
1727474812007 0.8578749895095825 8
1727474812160 0.8587499856948853 9
1727474812321 0.859499990940094 10
1727474812478 0.8585000038146973 11
1727474812635 0.859000027179718 12
1727474812796 0.8602499961853027 13
1727474812951 0.8579999804496765 14
1727474813112 0.859749972820282 15
1727474813268 0.8612499833106995 16
1727474813427 0.8600000143051147 17
1727474813585 0.8606250286102295 18
1727474813744 0.8616250157356262 19
