1727474810688 0.517987847328186 0
1727474810864 0.4349377453327179 1
1727474811040 0.4136233925819397 2
1727474811211 0.39411571621894836 3
1727474811381 0.37668099999427795 4
1727474811534 0.36434629559516907 5
1727474811692 0.3577204942703247 6
1727474811848 0.3524731993675232 7
1727474812007 0.35013139247894287 8
1727474812160 0.34772297739982605 9
1727474812321 0.3461909592151642 10
1727474812478 0.34361764788627625 11
1727474812635 0.3435974717140198 12
1727474812796 0.34120669960975647 13
1727474812951 0.34132736921310425 14
1727474813112 0.339365690946579 15
1727474813268 0.33899009227752686 16
1727474813427 0.3384321928024292 17
1727474813585 0.33685046434402466 18
1727474813744 0.3364335894584656 19
