1727476391997 0.8256250023841858 0
1727476392302 0.8473749756813049 1
1727476392556 0.8527500033378601 2
1727476392839 0.8532500267028809 3
1727476393087 0.8552500009536743 4
1727476393383 0.8544999957084656 5
1727476393670 0.8538749814033508 6
1727476393922 0.8558750152587891 7
1727476394175 0.8560000061988831 8
1727476394427 0.8558750152587891 9
1727476394675 0.8565000295639038 10
1727476394928 0.856124997138977 11
1727476395185 0.856374979019165 12
1727476403223 0.8558750152587891 13
1727476404764 0.8161249756813049 0
1727476405020 0.8454999923706055 1
1727476405280 0.8463749885559082 2
1727476405563 0.8536249995231628 3
1727476405827 0.8497499823570251 4
1727476406082 0.8557500243186951 5
1727476406338 0.8493750095367432 6
1727476406628 0.8519999980926514 7
1727476406886 0.8525000214576721 8
1727476407166 0.8506249785423279 9
1727476407427 0.8538749814033508 10
1727476407721 0.8533750176429749 11
1727476407992 0.8525000214576721 12
1727476408255 0.8544999957084656 13
1727476408513 0.8550000190734863 14
1727476408768 0.8522499799728394 15
1727476409029 0.8518750071525574 16
1727476415363 0.8533750176429749 17
1727476416724 0.8137500286102295 0
1727476417056 0.8421249985694885 1
1727476417380 0.8506249785423279 2
1727476417673 0.8527500033378601 3
1727476417967 0.856249988079071 4
1727476418268 0.8553749918937683 5
1727476418562 0.859250009059906 6
1727476418885 0.8567500114440918 7
1727476419189 0.8606250286102295 8
1727476419486 0.8601250052452087 9
1727476419774 0.8578749895095825 10
1727476420075 0.8613749742507935 11
1727476420364 0.8615000247955322 12
1727476420656 0.862375020980835 13
1727476420950 0.8636249899864197 14
1727476421247 0.8644999861717224 15
1727476427567 0.8578749895095825 16
1727476429083 0.8217499852180481 0
1727476429434 0.8464999794960022 1
1727476429777 0.8485000133514404 2
1727476430118 0.8516250252723694 3
1727476430436 0.8526250123977661 4
1727476430745 0.8542500138282776 5
1727476431061 0.8516250252723694 6
1727476431401 0.8529999852180481 7
1727476431717 0.8544999957084656 8
1727476432034 0.8542500138282776 9
1727476432348 0.8572499752044678 10
1727476432664 0.856249988079071 11
1727476432978 0.859000027179718 12
1727476433292 0.8583750128746033 13
1727476433614 0.8587499856948853 14
1727476440574 0.8542500138282776 15
1727476442391 0.7929999828338623 0
1727476442870 0.828374981880188 1
1727476443350 0.8427500128746033 2
1727476443822 0.8476250171661377 3
1727476444307 0.8503749966621399 4
1727476444779 0.8536249995231628 5
1727476445209 0.856374979019165 6
1727476445649 0.8576250076293945 7
1727476446091 0.8576250076293945 8
1727476446566 0.8560000061988831 9
1727476447002 0.859250009059906 10
1727476447432 0.859250009059906 11
1727476447870 0.8579999804496765 12
1727476448309 0.8607500195503235 13
1727476448747 0.8581249713897705 14
1727476449192 0.8648750185966492 15
1727476456369 0.859250009059906 16
1727476458182 0.8180000185966492 0
1727476458650 0.8398749828338623 1
1727476459123 0.8481249809265137 2
1727476459553 0.8488749861717224 3
1727476459979 0.8508750200271606 4
1727476460398 0.8485000133514404 5
1727476460825 0.8495000004768372 6
1727476461289 0.8527500033378601 7
1727476461712 0.8528749942779541 8
1727476462134 0.8512499928474426 9
1727476462563 0.8493750095367432 10
1727476462991 0.8498749732971191 11
1727476463431 0.8501250147819519 12
1727476470597 0.8527500033378601 13
1727476471926 0.8167499899864197 0
1727476472215 0.8462499976158142 1
1727476472460 0.846875011920929 2
1727476472704 0.8496249914169312 3
1727476472975 0.8507500290870667 4
1727476473220 0.8512499928474426 5
1727476473490 0.8511250019073486 6
1727476473774 0.8526250123977661 7
1727476474030 0.8528749942779541 8
1727476474302 0.8497499823570251 9
1727476474569 0.8554999828338623 10
1727476474877 0.8548750281333923 11
1727476481973 0.8511250019073486 12
1727476484708 0.7901250123977661 0
1727476485174 0.7963749766349792 1
1727476485740 0.796750009059906 2
1727476486280 0.7976250052452087 3
1727476486804 0.8008750081062317 4
1727476487415 0.8034999966621399 5
1727476487924 0.8098750114440918 6
1727476488543 0.8134999871253967 7
1727476489108 0.8151249885559082 8
1727476489637 0.8241249918937683 9
1727476490185 0.8267499804496765 10
1727476490754 0.828499972820282 11
1727476491250 0.8303750157356262 12
1727476491858 0.8336250185966492 13
1727476492408 0.8349999785423279 14
1727476492920 0.8379999995231628 15
1727476493432 0.8381249904632568 16
1727476494051 0.8410000205039978 17
1727476494521 0.8389999866485596 18
1727476495053 0.8422499895095825 19
1727476495494 0.8431249856948853 20
1727476495974 0.8442500233650208 21
1727476496408 0.8453750014305115 22
1727476496941 0.8422499895095825 23
1727476497407 0.8461250066757202 24
1727476497865 0.8428750038146973 25
1727476498435 0.8453750014305115 26
1727476498927 0.8475000262260437 27
1727476499389 0.8448749780654907 28
1727476499871 0.8476250171661377 29
1727476500393 0.8450000286102295 30
1727476500855 0.8479999899864197 31
1727476501583 0.8541250228881836 32
1727476502114 0.8478749990463257 33
1727476502590 0.8519999980926514 34
1727476503189 0.8501250147819519 35
1727476503871 0.8497499823570251 36
1727476504368 0.8513749837875366 37
1727476505001 0.8511250019073486 38
1727476505559 0.8518750071525574 39
1727476506062 0.8536249995231628 40
1727476506600 0.8492500185966492 41
1727476507154 0.8536249995231628 42
1727476507712 0.8498749732971191 43
1727476508261 0.8531249761581421 44
1727476508812 0.8531249761581421 45
1727476516671 0.8536249995231628 46
