1727476391997 0.42699185013771057 0
1727476392302 0.370817095041275 1
1727476392556 0.36452198028564453 2
1727476392839 0.36016741394996643 3
1727476393087 0.3548101782798767 4
1727476393383 0.3551110029220581 5
1727476393670 0.35309460759162903 6
1727476393922 0.35004326701164246 7
1727476394175 0.3508397936820984 8
1727476394427 0.34931477904319763 9
1727476394675 0.35203734040260315 10
1727476394928 0.3471260368824005 11
1727476395185 0.3421231806278229 12
1727476403223 0.35004326701164246 13
1727476404764 0.4409417510032654 0
1727476405020 0.380231648683548 1
1727476405280 0.3789726793766022 2
1727476405563 0.36883243918418884 3
1727476405827 0.36952173709869385 4
1727476406082 0.3611789047718048 5
1727476406338 0.36250558495521545 6
1727476406628 0.3617587387561798 7
1727476406886 0.36324992775917053 8
1727476407166 0.36551159620285034 9
1727476407427 0.3620645999908447 10
1727476407721 0.36082497239112854 11
1727476407992 0.357399582862854 12
1727476408255 0.3544585108757019 13
1727476408513 0.35667306184768677 14
1727476408768 0.35670292377471924 15
1727476409029 0.3575402796268463 16
1727476415363 0.36082497239112854 17
1727476416724 0.4528719484806061 0
1727476417056 0.39100125432014465 1
1727476417380 0.3668447732925415 2
1727476417673 0.35965612530708313 3
1727476417967 0.3506203889846802 4
1727476418268 0.3507605493068695 5
1727476418562 0.34623584151268005 6
1727476418885 0.3470135033130646 7
1727476419189 0.34176188707351685 8
1727476419486 0.34188300371170044 9
1727476419774 0.34269899129867554 10
1727476420075 0.3390592336654663 11
1727476420364 0.3381635248661041 12
1727476420656 0.3356733024120331 13
1727476420950 0.3348989188671112 14
1727476421247 0.33421435952186584 15
1727476427567 0.34269899129867554 16
1727476429083 0.4270665645599365 0
1727476429434 0.38004785776138306 1
1727476429777 0.374382346868515 2
1727476430118 0.36048194766044617 3
1727476430436 0.3594289720058441 4
1727476430745 0.3581375479698181 5
1727476431061 0.355830579996109 6
1727476431401 0.3514799177646637 7
1727476431717 0.35257548093795776 8
1727476432034 0.3539457321166992 9
1727476432348 0.3482293486595154 10
1727476432664 0.3459666073322296 11
1727476432978 0.34582245349884033 12
1727476433292 0.34607645869255066 13
1727476433614 0.34230005741119385 14
1727476440574 0.3539457321166992 15
1727476442391 0.4923267662525177 0
1727476442870 0.4222486913204193 1
1727476443350 0.39029181003570557 2
1727476443822 0.3684421479701996 3
1727476444307 0.3598313331604004 4
1727476444779 0.355593740940094 5
1727476445209 0.3506813645362854 6
1727476445649 0.34855201840400696 7
1727476446091 0.3499895930290222 8
1727476446566 0.3473322093486786 9
1727476447002 0.3474067151546478 10
1727476447432 0.34300723671913147 11
1727476447870 0.3452093005180359 12
1727476448309 0.33978986740112305 13
1727476448747 0.34211546182632446 14
1727476449192 0.3363077640533447 15
1727476456369 0.3474067151546478 16
1727476458182 0.44773703813552856 0
1727476458650 0.3957819938659668 1
1727476459123 0.3748759627342224 2
1727476459553 0.37458333373069763 3
1727476459979 0.3673921823501587 4
1727476460398 0.3757956624031067 5
1727476460825 0.37323564291000366 6
1727476461289 0.37207144498825073 7
1727476461712 0.3675391376018524 8
1727476462134 0.3642769157886505 9
1727476462563 0.36325719952583313 10
1727476462991 0.36886629462242126 11
1727476463431 0.3643869161605835 12
1727476470597 0.37207144498825073 13
1727476471926 0.43691766262054443 0
1727476472215 0.3820178210735321 1
1727476472460 0.37802907824516296 2
1727476472704 0.3694996237754822 3
1727476472975 0.36555352807044983 4
1727476473220 0.36857470870018005 5
1727476473490 0.36569496989250183 6
1727476473774 0.3620552122592926 7
1727476474030 0.3595932424068451 8
1727476474302 0.3608866333961487 9
1727476474569 0.3567260801792145 10
1727476474877 0.3572874963283539 11
1727476481973 0.36569496989250183 12
1727476484708 0.5473946332931519 0
1727476485174 0.49167776107788086 1
1727476485740 0.47135311365127563 2
1727476486280 0.4644109010696411 3
1727476486804 0.4568946659564972 4
1727476487415 0.4514973759651184 5
1727476487924 0.44518640637397766 6
1727476488543 0.4388125538825989 7
1727476489108 0.43472304940223694 8
1727476489637 0.4277556538581848 9
1727476490185 0.42154327034950256 10
1727476490754 0.41956469416618347 11
1727476491250 0.4095832407474518 12
1727476491858 0.41051211953163147 13
1727476492408 0.4044716954231262 14
1727476492920 0.4062228202819824 15
1727476493432 0.39520323276519775 16
1727476494051 0.3991513252258301 17
1727476494521 0.39392954111099243 18
1727476495053 0.3898332715034485 19
1727476495494 0.3881353437900543 20
1727476495974 0.3843887448310852 21
1727476496408 0.37987369298934937 22
1727476496941 0.38302627205848694 23
1727476497407 0.374862939119339 24
1727476497865 0.38032013177871704 25
1727476498435 0.3783365488052368 26
1727476498927 0.3795758783817291 27
1727476499389 0.37988847494125366 28
1727476499871 0.3757905066013336 29
1727476500393 0.3695225417613983 30
1727476500855 0.3723229169845581 31
1727476501583 0.36700716614723206 32
1727476502114 0.3685300946235657 33
1727476502590 0.3672686815261841 34
1727476503189 0.37016889452934265 35
1727476503871 0.37202683091163635 36
1727476504368 0.3675517439842224 37
1727476505001 0.3684476315975189 38
1727476505559 0.36554503440856934 39
1727476506062 0.3630782961845398 40
1727476506600 0.3678255081176758 41
1727476507154 0.3669840097427368 42
1727476507712 0.3657013177871704 43
1727476508261 0.3630056381225586 44
1727476508812 0.36575308442115784 45
1727476516671 0.3630782961845398 46
