1727528885889 0.7897499799728394 0
1727528886220 0.812624990940094 1
1727528886523 0.8296250104904175 2
1727528886831 0.8353750109672546 3
1727528887144 0.8424999713897705 4
1727528887451 0.8457499742507935 5
1727528887740 0.8488749861717224 6
1727528888008 0.8517500162124634 7
1727528888313 0.8541250228881836 8
1727528888587 0.8554999828338623 9
1727528888862 0.8546249866485596 10
1727528889176 0.8554999828338623 11
1727528889446 0.8544999957084656 12
1727528889724 0.8572499752044678 13
1727528889990 0.8581249713897705 14
1727528890290 0.8573750257492065 15
1727528890563 0.8576250076293945 16
1727528890833 0.859624981880188 17
1727528891109 0.8603749871253967 18
1727528891379 0.8586249947547913 19
1727528891647 0.859499990940094 20
1727528891912 0.8608750104904175 21
1727528892180 0.8602499961853027 22
1727528892460 0.8634999990463257 23
1727528901547 0.8603749871253967 24
1727528902721 0.824999988079071 0
1727528902939 0.8525000214576721 1
1727528903112 0.8560000061988831 2
1727528903284 0.856124997138977 3
1727528903459 0.8557500243186951 4
1727528903630 0.8557500243186951 5
1727528903810 0.8569999933242798 6
1727528903982 0.856374979019165 7
1727528904152 0.859624981880188 8
1727528904367 0.8569999933242798 9
1727528904542 0.8603749871253967 10
1727528904720 0.8572499752044678 11
1727528911125 0.8569999933242798 12
1727528912491 0.8187500238418579 0
1727528912874 0.8471249938011169 1
1727528913253 0.8495000004768372 2
1727528913635 0.8514999747276306 3
1727528913991 0.8583750128746033 4
1727528914332 0.8548750281333923 5
1727528914678 0.8567500114440918 6
1727528915029 0.8560000061988831 7
1727528915397 0.8573750257492065 8
1727528915771 0.8573750257492065 9
1727528916114 0.8550000190734863 10
1727528916450 0.859250009059906 11
1727528916800 0.8585000038146973 12
1727528917141 0.8601250052452087 13
1727528917487 0.8610000014305115 14
1727528917837 0.859624981880188 15
1727528924315 0.8550000190734863 16
1727528925553 0.765375018119812 0
1727528925753 0.7962499856948853 1
1727528925973 0.796875 2
1727528926201 0.7991250157356262 3
1727528926437 0.8037499785423279 4
1727528927215 0.8051249980926514 5
1727528927442 0.8083750009536743 6
1727528927671 0.8134999871253967 7
1727528927896 0.8142499923706055 8
1727528928119 0.8177499771118164 9
1727528928344 0.8231250047683716 10
1727528928568 0.8240000009536743 11
1727528928791 0.8227499723434448 12
1727528929018 0.828499972820282 13
1727528929252 0.8308749794960022 14
1727528929489 0.831125020980835 15
1727528929722 0.8336250185966492 16
1727528929931 0.8293750286102295 17
1727528930191 0.8326249718666077 18
1727528930401 0.8381249904632568 19
1727528930641 0.8351250290870667 20
1727528930875 0.8389999866485596 21
1727528931091 0.8408750295639038 22
1727528931370 0.8378750085830688 23
1727528931629 0.8357499837875366 24
1727528931905 0.840499997138977 25
1727528932157 0.8424999713897705 26
1727528932369 0.8417500257492065 27
1727528932580 0.8410000205039978 28
1727528932792 0.8382499814033508 29
1727528933036 0.8416249752044678 30
1727528933261 0.84375 31
1727528933562 0.8448749780654907 32
1727528933771 0.8446249961853027 33
1727528934017 0.8418750166893005 34
1727528934238 0.8450000286102295 35
1727528934453 0.8458750247955322 36
1727528934675 0.8471249938011169 37
1727528934917 0.846750020980835 38
1727528935158 0.8477500081062317 39
1727528935358 0.8475000262260437 40
1727528935558 0.846750020980835 41
1727528935795 0.8451250195503235 42
1727528936061 0.8497499823570251 43
1727528936297 0.8501250147819519 44
1727528936565 0.8473749756813049 45
1727528936838 0.8481249809265137 46
1727528937042 0.8483750224113464 47
1727528937266 0.8477500081062317 48
1727528937486 0.8473749756813049 49
1727528946461 0.8247500061988831 0
1727528946916 0.8497499823570251 1
1727528947286 0.8522499799728394 2
1727528947663 0.8519999980926514 3
1727528948016 0.8536249995231628 4
1727528948367 0.8566250205039978 5
1727528948825 0.8556249737739563 6
1727528949182 0.8569999933242798 7
1727528949620 0.859499990940094 8
1727528950084 0.859000027179718 9
1727528950458 0.8581249713897705 10
1727528950793 0.859749972820282 11
1727528951134 0.8586249947547913 12
1727528951594 0.8583750128746033 13
1727528951938 0.8621249794960022 14
1727528958679 0.859000027179718 15
1727528960602 0.8266249895095825 0
1727528961383 0.8485000133514404 1
1727528962067 0.8493750095367432 2
1727528962825 0.8512499928474426 3
1727528963506 0.8488749861717224 4
1727528964179 0.8533750176429749 5
1727528964690 0.8550000190734863 6
1727528965256 0.8522499799728394 7
1727528965712 0.8518750071525574 8
1727528966216 0.8521249890327454 9
1727528966703 0.8546249866485596 10
1727528967268 0.8532500267028809 11
1727528973815 0.8550000190734863 12
1727528975514 0.7946249842643738 0
1727528975907 0.8061249852180481 1
1727528976237 0.8153749704360962 2
1727528976504 0.8166249990463257 3
1727528976803 0.8272500038146973 4
1727528977069 0.8301249742507935 5
1727528977352 0.8360000252723694 6
1727528977588 0.8386250138282776 7
1727528977918 0.8408750295639038 8
1727528978233 0.8421249985694885 9
1727528978610 0.8456249833106995 10
1727528978908 0.8478749990463257 11
1727528979160 0.8477500081062317 12
1727528979445 0.8456249833106995 13
1727528979725 0.8525000214576721 14
1727528979992 0.8496249914169312 15
1727528980244 0.8507500290870667 16
1727528980526 0.8529999852180481 17
1727528980788 0.8514999747276306 18
1727528981014 0.8518750071525574 19
1727528981234 0.8506249785423279 20
1727528981457 0.8513749837875366 21
1727528981722 0.8544999957084656 22
1727528981925 0.8516250252723694 23
1727528982146 0.8536249995231628 24
1727528982351 0.8528749942779541 25
1727528982633 0.8522499799728394 26
1727528982885 0.8565000295639038 27
1727528983105 0.8535000085830688 28
1727528983351 0.8536249995231628 29
1727528983624 0.8525000214576721 30
1727528983876 0.8529999852180481 31
1727528984128 0.8523749709129333 32
1727528984381 0.8583750128746033 33
1727528984646 0.8529999852180481 34
1727528991258 0.8536249995231628 35
1727528993272 0.796875 0
1727528993619 0.8077499866485596 1
1727528993980 0.8252500295639038 2
1727528994295 0.8286250233650208 3
1727528994612 0.8377500176429749 4
1727528994915 0.8403750061988831 5
1727528995225 0.8427500128746033 6
1727528995477 0.8447499871253967 7
1727528995791 0.8458750247955322 8
1727528996058 0.8498749732971191 9
1727528996356 0.8485000133514404 10
1727528996671 0.8486250042915344 11
1727528996923 0.8529999852180481 12
1727528997179 0.8510000109672546 13
1727528997427 0.8541250228881836 14
1727528997757 0.8507500290870667 15
1727528997993 0.8506249785423279 16
1727528998261 0.8535000085830688 17
1727529005373 0.8529999852180481 18
1727529007470 0.7918750047683716 0
1727529007832 0.8182500004768372 1
1727529008193 0.8303750157356262 2
1727529008539 0.8402500152587891 3
1727529008904 0.8418750166893005 4
1727529009263 0.8493750095367432 5
1727529009706 0.8513749837875366 6
1727529010128 0.8531249761581421 7
1727529010585 0.8513749837875366 8
1727529010916 0.8518750071525574 9
1727529011262 0.8535000085830688 10
1727529011672 0.8556249737739563 11
1727529012034 0.8554999828338623 12
1727529012333 0.8567500114440918 13
1727529012742 0.8553749918937683 14
1727529013088 0.8532500267028809 15
1727529013467 0.8558750152587891 16
1727529013891 0.8569999933242798 17
1727529014223 0.8578749895095825 18
1727529014616 0.8571249842643738 19
1727529014977 0.8578749895095825 20
1727529015309 0.8568750023841858 21
1727529015617 0.8557500243186951 22
1727529015938 0.8582500219345093 23
1727529016254 0.8581249713897705 24
1727529016553 0.8572499752044678 25
1727529016961 0.8572499752044678 26
1727529017339 0.8573750257492065 27
1727529017685 0.8579999804496765 28
1727529024311 0.8582500219345093 29
1727529026194 0.7993749976158142 0
1727529026669 0.8262500166893005 1
1727529027031 0.8376250267028809 2
1727529027520 0.8458750247955322 3
1727529027943 0.8497499823570251 4
1727529028455 0.8504999876022339 5
1727529028829 0.8542500138282776 6
1727529029335 0.856124997138977 7
1727529029793 0.8560000061988831 8
1727529030282 0.856124997138977 9
1727529030661 0.8568750023841858 10
1727529031135 0.856249988079071 11
1727529031608 0.8576250076293945 12
1727529031938 0.8556249737739563 13
1727529032442 0.859250009059906 14
1727529032899 0.8601250052452087 15
1727529033405 0.8622499704360962 16
1727529033965 0.8585000038146973 17
1727529034305 0.8602499961853027 18
1727529034826 0.8586249947547913 19
1727529035205 0.8600000143051147 20
1727529035568 0.8603749871253967 21
1727529042239 0.8622499704360962 22
