1727528885889 0.5239245891571045 0
1727528886220 0.44369742274284363 1
1727528886523 0.424055278301239 2
1727528886831 0.4079788029193878 3
1727528887144 0.3916914761066437 4
1727528887451 0.3797215521335602 5
1727528887740 0.372271329164505 6
1727528888008 0.36431071162223816 7
1727528888313 0.3595176935195923 8
1727528888587 0.35547009110450745 9
1727528888862 0.35356754064559937 10
1727528889176 0.35120689868927 11
1727528889446 0.3503192663192749 12
1727528889724 0.34967899322509766 13
1727528889990 0.345884770154953 14
1727528890290 0.34717994928359985 15
1727528890563 0.3448396921157837 16
1727528890833 0.3446494936943054 17
1727528891109 0.3436605930328369 18
1727528891379 0.3443045914173126 19
1727528891647 0.34394365549087524 20
1727528891912 0.3416232466697693 21
1727528892180 0.3400349020957947 22
1727528892460 0.341241717338562 23
1727528901547 0.3436605930328369 24
1727528902721 0.42837464809417725 0
1727528902939 0.36465147137641907 1
1727528903112 0.3555351793766022 2
1727528903284 0.3532717227935791 3
1727528903459 0.3492666482925415 4
1727528903630 0.3489380478858948 5
1727528903810 0.3478105366230011 6
1727528903982 0.34692397713661194 7
1727528904152 0.3426501154899597 8
1727528904367 0.3431895077228546 9
1727528904542 0.34034278988838196 10
1727528904720 0.34242886304855347 11
1727528911125 0.3478105366230011 12
1727528912491 0.43929344415664673 0
1727528912874 0.3846059739589691 1
1727528913253 0.3701772093772888 2
1727528913635 0.36052051186561584 3
1727528913991 0.35575032234191895 4
1727528914332 0.35390692949295044 5
1727528914678 0.35028836131095886 6
1727528915029 0.3507685363292694 7
1727528915397 0.34974825382232666 8
1727528915771 0.34977540373802185 9
1727528916114 0.34841564297676086 10
1727528916450 0.34642788767814636 11
1727528916800 0.34576135873794556 12
1727528917141 0.34194597601890564 13
1727528917487 0.3438190817832947 14
1727528917837 0.34269946813583374 15
1727528924315 0.34841564297676086 16
1727528925553 0.577516496181488 0
1727528925753 0.5031415820121765 1
1727528925973 0.4797884523868561 2
1727528926201 0.46718764305114746 3
1727528926437 0.45629802346229553 4
1727528927215 0.45070144534111023 5
1727528927442 0.44633862376213074 6
1727528927671 0.4411678910255432 7
1727528927896 0.4373749792575836 8
1727528928119 0.4348636865615845 9
1727528928344 0.4286707639694214 10
1727528928568 0.4278273284435272 11
1727528928791 0.4249503016471863 12
1727528929018 0.4199797809123993 13
1727528929252 0.41627076268196106 14
1727528929489 0.4149714708328247 15
1727528929722 0.4121648371219635 16
1727528929931 0.4118824601173401 17
1727528930191 0.40764811635017395 18
1727528930401 0.40274158120155334 19
1727528930641 0.39985641837120056 20
1727528930875 0.39722365140914917 21
1727528931091 0.3948543667793274 22
1727528931370 0.3954727053642273 23
1727528931629 0.39662283658981323 24
1727528931905 0.38902702927589417 25
1727528932157 0.38720354437828064 26
1727528932369 0.3907201588153839 27
1727528932580 0.38535475730895996 28
1727528932792 0.3879989981651306 29
1727528933036 0.38088732957839966 30
1727528933261 0.38092711567878723 31
1727528933562 0.37881290912628174 32
1727528933771 0.3795865476131439 33
1727528934017 0.3807789087295532 34
1727528934238 0.3801409900188446 35
1727528934453 0.3768916130065918 36
1727528934675 0.37152838706970215 37
1727528934917 0.3752503991127014 38
1727528935158 0.3751622438430786 39
1727528935358 0.37289515137672424 40
1727528935558 0.37261560559272766 41
1727528935795 0.37274429202079773 42
1727528936061 0.37218230962753296 43
1727528936297 0.37011846899986267 44
1727528936565 0.37324175238609314 45
1727528936838 0.36920011043548584 46
1727528937042 0.36982277035713196 47
1727528937266 0.3709554970264435 48
1727528937486 0.36841335892677307 49
1727528946461 0.4291195571422577 0
1727528946916 0.3717825412750244 1
1727528947286 0.3621291518211365 2
1727528947663 0.35574212670326233 3
1727528948016 0.35666584968566895 4
1727528948367 0.3519061207771301 5
1727528948825 0.3530905246734619 6
1727528949182 0.350064754486084 7
1727528949620 0.3480543792247772 8
1727528950084 0.34808677434921265 9
1727528950458 0.34757402539253235 10
1727528950793 0.346748948097229 11
1727528951134 0.34741610288619995 12
1727528951594 0.344360888004303 13
1727528951938 0.34180283546447754 14
1727528958679 0.34808677434921265 15
1727528960602 0.4247998893260956 0
1727528961383 0.37796100974082947 1
1727528962067 0.37160858511924744 2
1727528962825 0.36806434392929077 3
1727528963506 0.3660513758659363 4
1727528964179 0.3648586869239807 5
1727528964690 0.36452481150627136 6
1727528965256 0.36260247230529785 7
1727528965712 0.35893678665161133 8
1727528966216 0.35827380418777466 9
1727528966703 0.3557269275188446 10
1727528967268 0.3584694266319275 11
1727528973815 0.36452481150627136 12
1727528975514 0.5113407373428345 0
1727528975907 0.45659345388412476 1
1727528976237 0.44261008501052856 2
1727528976504 0.4318353533744812 3
1727528976803 0.4250950217247009 4
1727528977069 0.4166562855243683 5
1727528977352 0.40586185455322266 6
1727528977588 0.3975144326686859 7
1727528977918 0.39243558049201965 8
1727528978233 0.38686978816986084 9
1727528978610 0.3858346939086914 10
1727528978908 0.37644824385643005 11
1727528979160 0.3783097565174103 12
1727528979445 0.37489423155784607 13
1727528979725 0.37086689472198486 14
1727528979992 0.3684545159339905 15
1727528980244 0.3666673004627228 16
1727528980526 0.3655225336551666 17
1727528980788 0.3660699427127838 18
1727528981014 0.3598480820655823 19
1727528981234 0.3639186918735504 20
1727528981457 0.36407527327537537 21
1727528981722 0.3618035614490509 22
1727528981925 0.36082541942596436 23
1727528982146 0.35819509625434875 24
1727528982351 0.35937586426734924 25
1727528982633 0.35966888070106506 26
1727528982885 0.35575342178344727 27
1727528983105 0.35883042216300964 28
1727528983351 0.3551327884197235 29
1727528983624 0.35718169808387756 30
1727528983876 0.3577776849269867 31
1727528984128 0.35562390089035034 32
1727528984381 0.3528456687927246 33
1727528984646 0.35734453797340393 34
1727528991258 0.3551327884197235 35
1727528993272 0.4821435213088989 0
1727528993619 0.4471130073070526 1
1727528993980 0.42607590556144714 2
1727528994295 0.4134814739227295 3
1727528994612 0.39708396792411804 4
1727528994915 0.38557207584381104 5
1727528995225 0.3818873465061188 6
1727528995477 0.3755137622356415 7
1727528995791 0.3725363612174988 8
1727528996058 0.368929386138916 9
1727528996356 0.36829105019569397 10
1727528996671 0.368146151304245 11
1727528996923 0.36498501896858215 12
1727528997179 0.3658146858215332 13
1727528997427 0.3627244830131531 14
1727528997757 0.3664816617965698 15
1727528997993 0.3623959720134735 16
1727528998261 0.3581518828868866 17
1727529005373 0.36498501896858215 18
1727529007470 0.49450644850730896 0
1727529007832 0.4359748363494873 1
1727529008193 0.4161687195301056 2
1727529008539 0.3998982012271881 3
1727529008904 0.387131005525589 4
1727529009263 0.37746378779411316 5
1727529009706 0.3705090880393982 6
1727529010128 0.3667594790458679 7
1727529010585 0.3610050678253174 8
1727529010916 0.36144670844078064 9
1727529011262 0.35683053731918335 10
1727529011672 0.3584143817424774 11
1727529012034 0.35507798194885254 12
1727529012333 0.3535274267196655 13
1727529012742 0.3522461950778961 14
1727529013088 0.35554322600364685 15
1727529013467 0.35238394141197205 16
1727529013891 0.35260865092277527 17
1727529014223 0.3503032326698303 18
1727529014616 0.3510746955871582 19
1727529014977 0.3497179448604584 20
1727529015309 0.35084348917007446 21
1727529015617 0.3481309711933136 22
1727529015938 0.34613344073295593 23
1727529016254 0.34638193249702454 24
1727529016553 0.3480892479419708 25
1727529016961 0.3462236225605011 26
1727529017339 0.3447430431842804 27
1727529017685 0.34675249457359314 28
1727529024311 0.34613344073295593 29
1727529026194 0.4837861955165863 0
1727529026669 0.42722493410110474 1
1727529027031 0.4054310619831085 2
1727529027520 0.3865659534931183 3
1727529027943 0.3749585449695587 4
1727529028455 0.3674269914627075 5
1727529028829 0.3608234226703644 6
1727529029335 0.3581356406211853 7
1727529029793 0.3548339903354645 8
1727529030282 0.3542200028896332 9
1727529030661 0.3533519208431244 10
1727529031135 0.3510621190071106 11
1727529031608 0.34858453273773193 12
1727529031938 0.34844616055488586 13
1727529032442 0.34600088000297546 14
1727529032899 0.34581953287124634 15
1727529033405 0.3442542552947998 16
1727529033965 0.343161404132843 17
1727529034305 0.3420058488845825 18
1727529034826 0.34166771173477173 19
1727529035205 0.344208687543869 20
1727529035568 0.34304341673851013 21
1727529042239 0.3442542552947998 22
