1727474623410 0.797124981880188 0
1727474623585 0.8228750228881836 1
1727474623761 0.8416249752044678 2
1727474623933 0.8451250195503235 3
1727474624105 0.8495000004768372 4
1727474624267 0.8537499904632568 5
1727474624427 0.8568750023841858 6
1727474624588 0.8551250100135803 7
1727474624743 0.8548750281333923 8
1727474624897 0.856374979019165 9
1727474625052 0.856374979019165 10
1727474625215 0.8573750257492065 11
1727474625369 0.859125018119812 12
1727474625525 0.8567500114440918 13
1727474625681 0.859250009059906 14
1727474625836 0.859749972820282 15
1727474625990 0.859125018119812 16
1727474626152 0.8607500195503235 17
1727474626312 0.859499990940094 18
1727474626466 0.8600000143051147 19
1727474626622 0.8600000143051147 20
1727474626778 0.8613749742507935 21
1727474626932 0.862375020980835 22
1727474627090 0.8603749871253967 23
1727474627257 0.8621249794960022 24
1727474627417 0.8611249923706055 25
1727474627579 0.8615000247955322 26
1727474627734 0.8601250052452087 27
1727474627891 0.8632500171661377 28
1727474628048 0.8619999885559082 29
1727474628215 0.8612499833106995 30
1727474628376 0.8633750081062317 31
1727474628533 0.8627499938011169 32
1727474628689 0.8641250133514404 33
1727474628846 0.862375020980835 34
1727474629003 0.8616250157356262 35
1727474629167 0.8621249794960022 36
1727474629327 0.8633750081062317 37
1727474629492 0.8665000200271606 38
1727474629654 0.8629999756813049 39
1727474629809 0.8628749847412109 40
1727474629964 0.8644999861717224 41
1727474630125 0.8637499809265137 42
1727474630298 0.8633750081062317 43
1727474630451 0.8634999990463257 44
1727474630608 0.8606250286102295 45
1727474630770 0.8643749952316284 46
1727474630926 0.8644999861717224 47
1727474631085 0.8637499809265137 48
1727474631253 0.8636249899864197 49
1727474631410 0.8653749823570251 50
1727474631568 0.8653749823570251 51
1727474631725 0.8648750185966492 52
1727474631882 0.8647500276565552 53
1727474632039 0.8640000224113464 54
1727474632212 0.8667500019073486 55
1727474632369 0.8641250133514404 56
1727474632526 0.8646249771118164 57
1727474632688 0.8661249876022339 58
1727474632846 0.8643749952316284 59
1727474633004 0.8654999732971191 60
1727474633171 0.8667500019073486 61
1727474633331 0.8663750290870667 62
1727474633486 0.8678749799728394 63
1727474633645 0.8653749823570251 64
1727474633798 0.8654999732971191 65
1727474633956 0.8677499890327454 66
1727474634124 0.8650000095367432 67
1727474634284 0.8662499785423279 68
1727474634443 0.8700000047683716 69
1727474634599 0.8657500147819519 70
1727474634757 0.8667500019073486 71
1727474634915 0.8677499890327454 72
1727474635070 0.8663750290870667 73
1727474635243 0.8653749823570251 74
1727474635403 0.8683750033378601 75
1727474635557 0.8696249723434448 76
1727474635712 0.8693749904632568 77
1727474635865 0.8690000176429749 78
1727474636019 0.8682500123977661 79
1727474636189 0.8681250214576721 80
1727474636343 0.8681250214576721 81
1727474636499 0.8686249852180481 82
1727474636656 0.8691250085830688 83
1727474636821 0.8687499761581421 84
1727474636978 0.8686249852180481 85
1727474637142 0.8677499890327454 86
1727474637302 0.8688750267028809 87
1727474637461 0.8705000281333923 88
1727474637621 0.8691250085830688 89
1727474637788 0.8707500100135803 90
1727474637956 0.8678749799728394 91
1727474638122 0.8705000281333923 92
1727474638292 0.8702499866485596 93
1727474638450 0.8700000047683716 94
1727474638608 0.8703749775886536 95
1727474638767 0.8690000176429749 96
1727474638935 0.8707500100135803 97
1727474639105 0.8697500228881836 98
1727474639272 0.8690000176429749 99
