1727474623410 0.4876633286476135 0
1727474623585 0.4242754280567169 1
1727474623761 0.40201446413993835 2
1727474623933 0.3823016285896301 3
1727474624105 0.3685138523578644 4
1727474624267 0.3606489598751068 5
1727474624427 0.3555510640144348 6
1727474624588 0.35266047716140747 7
1727474624743 0.34965386986732483 8
1727474624897 0.34793907403945923 9
1727474625052 0.3470412790775299 10
1727474625215 0.3462889790534973 11
1727474625369 0.344548761844635 12
1727474625525 0.34328579902648926 13
1727474625681 0.34320777654647827 14
1727474625836 0.3412424623966217 15
1727474625990 0.33973246812820435 16
1727474626152 0.33896908164024353 17
1727474626312 0.33909302949905396 18
1727474626466 0.33818018436431885 19
1727474626622 0.3374118208885193 20
1727474626778 0.3374897241592407 21
1727474626932 0.33594927191734314 22
1727474627090 0.33597567677497864 23
1727474627257 0.3346370756626129 24
1727474627417 0.33466067910194397 25
1727474627579 0.33400875329971313 26
1727474627734 0.3333173096179962 27
1727474627891 0.3325797915458679 28
1727474628048 0.3311135768890381 29
1727474628215 0.33399102091789246 30
1727474628376 0.3305509388446808 31
1727474628533 0.3296704888343811 32
1727474628689 0.3294408619403839 33
1727474628846 0.3287177085876465 34
1727474629003 0.32830533385276794 35
1727474629167 0.3278081715106964 36
1727474629327 0.327650249004364 37
1727474629492 0.3257223963737488 38
1727474629654 0.3271235525608063 39
1727474629809 0.32647666335105896 40
1727474629964 0.3253018856048584 41
1727474630125 0.3255667984485626 42
1727474630298 0.32453206181526184 43
1727474630451 0.32357311248779297 44
1727474630608 0.3240920305252075 45
1727474630770 0.3233134150505066 46
1727474630926 0.32336777448654175 47
1727474631085 0.3234905004501343 48
1727474631253 0.32328593730926514 49
1727474631410 0.321153461933136 50
1727474631568 0.3207620680332184 51
1727474631725 0.32191526889801025 52
1727474631882 0.3218720257282257 53
1727474632039 0.32079842686653137 54
1727474632212 0.3206276595592499 55
1727474632369 0.32015112042427063 56
1727474632526 0.3195618689060211 57
1727474632688 0.3181491792201996 58
1727474632846 0.3185385763645172 59
1727474633004 0.31877726316452026 60
1727474633171 0.31825053691864014 61
1727474633331 0.3171060383319855 62
1727474633486 0.3163973391056061 63
1727474633645 0.3168136775493622 64
1727474633798 0.316007137298584 65
1727474633956 0.31574782729148865 66
1727474634124 0.3142540752887726 67
1727474634284 0.3160448372364044 68
1727474634443 0.31366071105003357 69
1727474634599 0.3148573935031891 70
1727474634757 0.3132181167602539 71
1727474634915 0.31295153498649597 72
1727474635070 0.31169265508651733 73
1727474635243 0.3132370114326477 74
1727474635403 0.3113563656806946 75
1727474635557 0.3118342459201813 76
1727474635712 0.30994513630867004 77
1727474635865 0.3119816482067108 78
1727474636019 0.3113960921764374 79
1727474636189 0.3097611665725708 80
1727474636343 0.30964019894599915 81
1727474636499 0.30915141105651855 82
1727474636656 0.31119731068611145 83
1727474636821 0.31045278906822205 84
1727474636978 0.30815112590789795 85
1727474637142 0.30796703696250916 86
1727474637302 0.30770090222358704 87
1727474637461 0.3076397180557251 88
1727474637621 0.3074929416179657 89
1727474637788 0.30731213092803955 90
1727474637956 0.3056368827819824 91
1727474638122 0.30637145042419434 92
1727474638292 0.3071615695953369 93
1727474638450 0.3052788972854614 94
1727474638608 0.3039127588272095 95
1727474638767 0.3045579791069031 96
1727474638935 0.3052677512168884 97
1727474639105 0.30575335025787354 98
1727474639272 0.30427271127700806 99
